7666198278
6466617980
-1002602612452
7751011731
-1002352866006
7476298120
7414719003
7097468890
7308138456
-1002422835177
6012728895
1278717582
7711296305
6123669006
5572943811
7141832510
5872782361
7888756616
5446904232
6247215286
1362919387
1976627290
7944690339
-1002563420461
-1001999076620
7778852269
7027577255
8033618451
1553312152
5428095527
2085082046
7855689368
7643452569
7733442092
2081084248
1264641523
7868825877
6546123672
6000111810
706483179
7817812676
5414392400
1625098315
6332377068
6201209726
7280359366
7776351306
7036849261
6495366932
6419401261
8014397974
-1002525523680
7856977111
1864656265
7149951022
-1002420228130
5704029768
8188644957
7351057127
5818501252
6617910801
6617910801
5199747844
6234787650
5997806600
7187202285
